function [activate_plot,...
time_interval_plot,...
activate_trajectory,...
follow_agent,...
activate_save_figure,...
activate_save_video,...
dim_visual,...
time_interval_trajectory,...
video_speed,...
x_range,...
y_range,...
z_range,...
legend_name,...
font_size,...
font_size_sub,...
marker_size,...
background_color,...
activate_BD_1,...
len_arm,...
cmap_terrain,...
cmap_traj,...
T_end,...
rader_pos,...
rader_Rmax] = visual_module_parameters()
%VISUAL_MODULE_PARAMETERS 
% Automatically generated by read_parameter_xml.m
% Every time read_parameter_xml.m is run, this function will be generated
activate_plot = 1.000000000000;
time_interval_plot = 1.000000000000;
activate_trajectory = 1.000000000000;
follow_agent = 0.000000000000;
activate_save_figure = 0.000000000000;
activate_save_video = 0.000000000000;
dim_visual = 3.000000000000;
time_interval_trajectory = 40.000000000000;
video_speed = 10.000000000000;
x_range = [-506.000000000000
561.000000000000];
y_range = [-510.000000000000
552.000000000000];
z_range = [0.000000000000
252.000000000000];
legend_name = ['$', '\', 'p', 'h', 'i', '^', '{', 'c', 'o', 'r', 'r', '}', '$', '|', '|', '|', '$', '\', 'p', 'h', 'i', '^', '{', 'v', 'e', 'l', '}', '$', '|', '|', '|', '$', '\', 'p', 'h', 'i', '^', '{', 'c', 'o', 'l', 'l', '}', '$', '|', '|', '|', '$', '\', 'p', 'h', 'i', '^', '{', 'w', 'a', 'l', 'l', '}', '$', '|', '|', '|', '$', '\', 'p', 'h', 'i', '^', '{', 'g', 'r', 'o', 'u', 'p', '}', '$'];
font_size = 10.000000000000;
font_size_sub = 8.000000000000;
marker_size = 10.000000000000;
background_color = [1.000000000000, 1.000000000000, 1.000000000000];
activate_BD_1 = 0.000000000000;
len_arm = 0.500000000000;
cmap_terrain = [0.031372549000, 0.188235294000, 0.419607843000
0.031372549000, 0.192295270941, 0.425636293604
0.031372549000, 0.196355247882, 0.431664744208
0.031372549000, 0.200415224824, 0.437693194812
0.031372549000, 0.204475201765, 0.443721645416
0.031372549000, 0.208535178706, 0.449750096020
0.031372549000, 0.212595155647, 0.455778546624
0.031372549000, 0.216655132588, 0.461806997227
0.031372549000, 0.220715109529, 0.467835447831
0.031372549000, 0.224775086471, 0.473863898435
0.031372549000, 0.228835063412, 0.479892349039
0.031372549000, 0.232895040353, 0.485920799643
0.031372549000, 0.236955017294, 0.491949250247
0.031372549000, 0.241014994235, 0.497977700851
0.031372549000, 0.245074971176, 0.504006151455
0.031372549000, 0.249134948118, 0.510034602059
0.031372549000, 0.253194925059, 0.516063052663
0.031372549000, 0.257254902000, 0.522091503267
0.031372549000, 0.261314878941, 0.528119953871
0.031372549000, 0.265374855882, 0.534148404475
0.031372549000, 0.269434832824, 0.540176855078
0.031372549000, 0.273494809765, 0.546205305682
0.031372549000, 0.277554786706, 0.552233756286
0.031372549000, 0.281614763647, 0.558262206890
0.031372549000, 0.285674740588, 0.564290657494
0.031372549000, 0.289734717529, 0.570319108098
0.031372549000, 0.293794694471, 0.576347558702
0.031372549000, 0.297854671412, 0.582376009306
0.031372549000, 0.301914648353, 0.588404459910
0.031372549000, 0.305974625294, 0.594432910514
0.031372549000, 0.310034602235, 0.600461361118
0.031372549000, 0.314094579176, 0.606489811722
0.031757016514, 0.318139177416, 0.612149173514
0.034832756624, 0.322076124741, 0.615224913624
0.037908496733, 0.326013072067, 0.618300653733
0.040984236843, 0.329950019392, 0.621376393843
0.044059976953, 0.333886966718, 0.624452133953
0.047135717063, 0.337823914043, 0.627527874063
0.050211457173, 0.341760861369, 0.630603614173
0.053287197282, 0.345697808694, 0.633679354282
0.056362937392, 0.349634756020, 0.636755094392
0.059438677502, 0.353571703345, 0.639830834502
0.062514417612, 0.357508650671, 0.642906574612
0.065590157722, 0.361445597996, 0.645982314722
0.068665897831, 0.365382545322, 0.649058054831
0.071741637941, 0.369319492647, 0.652133794941
0.074817378051, 0.373256439973, 0.655209535051
0.077893118161, 0.377193387298, 0.658285275161
0.080968858271, 0.381130334624, 0.661361015271
0.084044598380, 0.385067281949, 0.664436755380
0.087120338490, 0.389004229275, 0.667512495490
0.090196078600, 0.392941176600, 0.670588235600
0.093271818710, 0.396878123925, 0.673663975710
0.096347558820, 0.400815071251, 0.676739715820
0.099423298929, 0.404752018576, 0.679815455929
0.102499039039, 0.408688965902, 0.682891196039
0.105574779149, 0.412625913227, 0.685966936149
0.108650519259, 0.416562860553, 0.689042676259
0.111726259369, 0.420499807878, 0.692118416369
0.114801999478, 0.424436755204, 0.695194156478
0.117877739588, 0.428373702529, 0.698269896588
0.120953479698, 0.432310649855, 0.701345636698
0.124029219808, 0.436247597180, 0.704421376808
0.127104959918, 0.440184544506, 0.707497116918
0.130426759227, 0.444152249235, 0.710326797812
0.134486736137, 0.448212226176, 0.712418301059
0.138546713047, 0.452272203118, 0.714509804306
0.142606689957, 0.456332180059, 0.716601307553
0.146666666867, 0.460392157000, 0.718692810800
0.150726643776, 0.464452133941, 0.720784314047
0.154786620686, 0.468512110882, 0.722875817294
0.158846597596, 0.472572087824, 0.724967320541
0.162906574506, 0.476632064765, 0.727058823788
0.166966551416, 0.480692041706, 0.729150327035
0.171026528325, 0.484752018647, 0.731241830282
0.175086505235, 0.488811995588, 0.733333333529
0.179146482145, 0.492871972529, 0.735424836776
0.183206459055, 0.496931949471, 0.737516340024
0.187266435965, 0.500991926412, 0.739607843271
0.191326412875, 0.505051903353, 0.741699346518
0.195386389784, 0.509111880294, 0.743790849765
0.199446366694, 0.513171857235, 0.745882353012
0.203506343604, 0.517231834176, 0.747973856259
0.207566320514, 0.521291811118, 0.750065359506
0.211626297424, 0.525351788059, 0.752156862753
0.215686274333, 0.529411765000, 0.754248366000
0.219746251243, 0.533471741941, 0.756339869247
0.223806228153, 0.537531718882, 0.758431372494
0.227866205063, 0.541591695824, 0.760522875741
0.231926181973, 0.545651672765, 0.762614378988
0.235986158882, 0.549711649706, 0.764705882235
0.240046135792, 0.553771626647, 0.766797385482
0.244106112702, 0.557831603588, 0.768888888729
0.248166089612, 0.561891580529, 0.770980391976
0.252226066522, 0.565951557471, 0.773071895224
0.256286043431, 0.570011534412, 0.775163398471
0.260715109165, 0.573840830835, 0.777208765624
0.265759322937, 0.577285659729, 0.779177239286
0.270803536710, 0.580730488624, 0.781145712949
0.275847750482, 0.584175317518, 0.783114186612
0.280891964255, 0.587620146412, 0.785082660275
0.285936178027, 0.591064975306, 0.787051133937
0.290980391800, 0.594509804200, 0.789019607600
0.296024605573, 0.597954633094, 0.790988081263
0.301068819345, 0.601399461988, 0.792956554925
0.306113033118, 0.604844290882, 0.794925028588
0.311157246890, 0.608289119776, 0.796893502251
0.316201460663, 0.611733948671, 0.798861975914
0.321245674435, 0.615178777565, 0.800830449576
0.326289888208, 0.618623606459, 0.802798923239
0.331334101980, 0.622068435353, 0.804767396902
0.336378315753, 0.625513264247, 0.806735870565
0.341422529525, 0.628958093141, 0.808704344227
0.346466743298, 0.632402922035, 0.810672817890
0.351510957071, 0.635847750929, 0.812641291553
0.356555170843, 0.639292579824, 0.814609765216
0.361599384616, 0.642737408718, 0.816578238878
0.366643598388, 0.646182237612, 0.818546712541
0.371687812161, 0.649627066506, 0.820515186204
0.376732025933, 0.653071895400, 0.822483659867
0.381776239706, 0.656516724294, 0.824452133529
0.386820453478, 0.659961553188, 0.826420607192
0.391864667251, 0.663406382082, 0.828389080855
0.396908881024, 0.666851210976, 0.830357554518
0.401953094796, 0.670296039871, 0.832326028180
0.406997308569, 0.673740868765, 0.834294501843
0.412041522341, 0.677185697659, 0.836262975506
0.417085736114, 0.680630526553, 0.838231449169
0.422745097902, 0.684075355463, 0.839892348824
0.429019607706, 0.687520184388, 0.841245674471
0.435294117510, 0.690965013314, 0.842599000118
0.441568627314, 0.694409842239, 0.843952325765
0.447843137118, 0.697854671165, 0.845305651412
0.454117646922, 0.701299500090, 0.846658977059
